39
Ana|Anais|Idle_D|6|50|150|5000|5000|5000|50|50|150|50|50|50|50|0|0|0|0|0|0|0|0|0|150.00|-19.080000|-68.730003|16.920000|10.270000
Benya|NPC|Benya|5|1|150|1|1|1|1|1|1|1|1|1|1|0|0|0|0|0|0|0|0|0|0.00|-35.910000|-78.720001|21.090000|3.280000
BlackBishop|BlackBishop|Chess|2|1|150|1|1|1|1|1|1|1|1|1|1|0|0|0|0|0|0|0|0|0|0.00|-57.500000|-130.000000|57.500000|29.000000
BlackKing|BlackKing|Chess|2|50|150|5000|5000|5000|50|50|150|50|50|50|50|0|0|0|0|0|0|0|0|0|150.00|-57.500000|-181.697998|57.500000|32.301899
BlackKnite|BlackKnite|Chess|2|50|150|5000|5000|5000|50|50|150|50|50|50|50|0|0|0|0|0|0|0|0|0|150.00|-54.000000|-112.830002|54.000000|25.169800
BlackPawn|BlackPawn|Chess|2|50|150|5000|5000|5000|50|50|150|50|50|50|50|0|0|0|0|0|0|0|0|0|150.00|-48.500000|-111.195000|48.500000|24.805000
BlackQueen|BlackQueen|Chess|2|50|150|5000|5000|5000|50|50|150|50|50|50|50|0|0|0|0|0|0|0|0|0|150.00|-57.500000|-154.528000|57.500000|27.471701
BlackRook|BlackRook|Chess|2|50|150|5000|5000|5000|50|50|150|50|50|50|50|0|0|0|0|0|0|0|0|0|150.00|-57.500000|-115.862000|57.500000|35.138401
Boss|Boss|Idle_LD|4|50|150|100000|100000|5000|50|50|150|50|50|50|50|0|0|0|0|0|0|0|0|0|500.00|-34.000000|-86.000000|25.000000|8.000000
CatBoss|CatBoss|Idle_LD|4|50|500|100000|100000|10000|100|100|100|100|100|100|100|50|0|10|0|0|0|0|10|0|500.00|-50.400002|-96.750000|69.599998|32.250000
DarkCow|DarkCow|Idle_LD|4|30|150|30000|30000|300|10|10|10|10|10|10|10|0|0|0|0|0|0|0|0|0|300.00|-62.000000|-92.000000|46.000000|10.000000
Dia|NPC|Dia|5|50|150|5000|5000|5000|50|50|150|50|50|50|50|0|0|0|0|0|0|0|0|0|150.00|-111.000000|-119.000000|111.000000|51.000000
Fixy|Fixy|Idle_LD|4|50|150|20000|20000|5000|50|50|50|50|50|50|50|0|0|0|0|0|0|0|0|0|400.00|-25.000000|-62.000000|28.000000|2.000000
Jelly|Jelly|Walk_LD|6|10|150|500|500|300|10|10|10|10|10|10|10|0|0|0|0|0|0|0|0|0|100.00|-29.000000|-40.000000|22.000000|12.000000
Kyoko|Kyoko|Idle_D|3|1|0|220|45|1300|10|10|10|10|10|10|10|0|0|0|0|0|0|0|0|0|0.00|-19.000000|-76.000000|23.000000|6.000000
Law|NPC|Law|5|50|150|5000|5000|5000|50|50|150|50|50|50|50|0|0|0|0|0|0|0|0|0|150.00|-45.000000|-94.500000|45.000000|10.500000
Linda|NPC|Linda|5|1|150|500|500|300|10|10|10|10|10|10|10|0|0|0|0|0|0|0|0|0|100.00|-32.000000|-84.000000|33.000000|10.000000
Map1|Object|WarpGate|7|1|150|1|1|1|1|1|1|1|1|1|1|0|0|0|0|0|0|0|0|0|0.00|-75.000000|-176.000000|75.000000|24.000000
Map2|Object|WarpGate|7|1|150|1|1|1|1|1|1|1|1|1|1|0|0|0|0|0|0|0|0|0|0.00|-75.000000|-176.000000|75.000000|24.000000
Map3|Object|WarpGate|7|1|150|1|1|1|1|1|1|1|1|1|1|0|0|0|0|0|0|0|0|0|0.00|-75.000000|-176.000000|75.000000|24.000000
Map4|Object|WarpGate|7|1|150|1|1|1|1|1|1|1|1|1|1|0|0|0|0|0|0|0|0|0|0.00|-75.000000|-176.000000|75.000000|24.000000
Map5|Object|WarpGate|7|1|150|1|1|1|1|1|1|1|1|1|1|0|0|0|0|0|0|0|0|0|0.00|-75.000000|-176.000000|75.000000|24.000000
Map6|Object|WarpGate|7|1|150|1|1|1|1|1|1|1|1|1|1|0|0|0|0|0|0|0|0|0|0.00|-75.000000|-176.000000|75.000000|24.000000
Monster_Jelly|Jelly|Attack_LD|4|1|0|1|1|1|0|0|0|0|0|0|0|0|0|0|0|0|0|0|0|0|0.00|-18.000000|-35.000000|18.000000|8.000000
NPC_Ana|Anais|Idle_RD|5|1|0|1|1|1|0|0|0|0|0|0|0|0|0|0|0|0|0|0|0|0|0.00|-15.640000|-71.199997|18.360001|8.800000
NPC_Jelly|Jelly|Walk_LD|5|10|150|500|500|300|10|10|10|10|10|10|10|0|0|0|0|0|0|0|0|0|100.00|-29.000000|-40.000000|22.000000|12.000000
NPC_Kirito|Player|Idle_Event2_LD|5|1|0|1|1|1|0|0|0|0|0|0|0|0|0|0|0|0|0|0|0|0|0.00|-19.000000|-80.000000|19.000000|9.000000
NPC_Quest|NPC|Quest|5|1|0|1|1|1|0|0|0|0|0|0|0|0|0|0|0|0|0|0|0|0|0.00|-27.080000|-89.309998|27.920000|10.690000
Pet|Pet|Stand_LD|4|50|150|5000|5000|5000|50|50|150|50|50|50|50|0|0|0|0|0|0|0|0|0|150.00|-30.000000|-60.000000|31.000000|9.000000
Puzzle|Puzzle|Basket|2|1|0|1|1|1|0|0|0|0|0|0|0|0|0|0|0|0|0|0|0|0|0.00|-55.500000|-39.000000|55.500000|39.000000
PuzzleTile|PuzzleTile|Tile|2|1|0|1|1|1|0|0|0|0|0|0|0|0|0|0|0|0|0|0|0|0|0.00|-94.000000|-48.000000|94.000000|48.000000
Tile0|Tile0||2|1|0|1|1|1|0|0|0|0|0|0|0|0|0|0|0|0|0|0|0|0|0.00|-100.000000|-100.000000|100.000000|100.000000
Tile1|Tile1||2|1|0|1|1|1|0|0|0|0|0|0|0|0|0|0|0|0|0|0|0|0|0.00|-100.000000|-100.000000|100.000000|100.000000
WhiteBishop|WhiteBishop|Chess|2|50|150|5000|5000|5000|50|50|150|50|50|50|50|0|0|0|0|0|0|0|0|0|150.00|-57.500000|-130.000000|57.500000|29.000000
WhiteKing|WhiteKing|Chess|2|50|150|5000|5000|5000|50|50|150|50|50|50|50|0|0|0|0|0|0|0|0|0|150.00|-57.500000|-181.697998|57.500000|32.301899
WhiteKnite|WhiteKnite|Chess|2|50|150|5000|5000|5000|50|50|150|50|50|50|50|0|0|0|0|0|0|0|0|0|150.00|-54.000000|-112.830002|54.000000|25.169800
WhitePawn|WhitePawn|Chess|2|50|150|5000|5000|5000|50|50|150|50|50|50|50|0|0|0|0|0|0|0|0|0|150.00|-48.500000|-111.195000|48.500000|24.805000
WhiteQueen|WhiteQueen|Chess|2|50|150|5000|5000|5000|50|50|150|50|50|50|50|0|0|0|0|0|0|0|0|0|150.00|-57.500000|-154.528000|57.500000|27.471701
WhiteRook|WhiteRook|Chess|2|50|150|5000|5000|5000|50|50|150|50|50|50|50|0|0|0|0|0|0|0|0|0|150.00|-57.500000|-115.862000|57.500000|35.138401
86
Etc37|Etc37|
Etc35|Etc35|
|Etc10|
|Etc12|
|Etc13|
|Etc14|
|Etc15|
|Etc16|
|Etc17|
|Etc18|
|Etc19|
|Etc20|
|Etc21|
|Etc23|
|Etc24|
|Etc25|
|Etc26|
|Etc27|
|Etc28|
|Etc2|
|Etc3|
|Etc4|
|Etc5|
|Etc6|
|Etc7|
|Etc8|
|Etc9|
Etc37|Etc37|
|Fence10|
|Fence11|
|Fence12|
|Fence1|
|Fence4|
|Fence5|
|Fence6|
|Fence7|
|Fence9|
|House0|
|House1|
|House2|
|House3|
|Tree0|
|Tree14|
|Tree16|
|Tree17|
|Tree18|
|Tree19|
|Tree1|
|Tree20|
|Tree21|
|Tree22|
|Tree23|
|Tree24|
|Tree25|
|Tree26|
|Tree27|
|Tree28|
|Tree29|
|Tree2|
|Tree30|
|Tree31|
|Tree32|
|Tree33|
|Tree34|
|Tree35|
|Tree36|
|Tree37|
|Tree38|
|Tree39|
|Tree3|
|Tree40|
|Tree41|
|Tree42|
|Tree43|
|Tree44|
|Tree45|
|Tree46|
|Tree47|
|Tree48|
|Tree49|
|Tree4|
|Tree5|
|Tree6|
|Tree7|
|Tree8|
|Tree9|