1
13|33
0|0
0|0
0|0
0|0
0|0
0|0
0|0
0|0
0|0
0|0
0|0
0|0
0|0
0|0
0|0
0|0
0|0
0|0
0|0
0|0
0|0
0|0
0|0
0|0
0|0
0|0
0|0
1|1
1|1
1|1
1|1
1|1
1|1
0|0
0|0
1|1
1|1
1|1
1|1
1|1
1|1
1|1
1|1
1|1
1|1
1|1
1|1
1|1
1|1
1|1
1|1
1|1
1|1
1|1
1|1
1|1
1|1
1|1
1|1
1|1
1|1
1|1
1|1
1|1
1|1
1|1
1|1
1|1
1|1
1|1
1|1
1|1
1|1
1|1
1|1
1|1
1|1
1|1
1|1
1|1
1|1
1|1
1|1
1|1
1|1
1|1
1|1
1|1
1|1
1|1
1|1
1|1
1|1
1|1
1|1
1|1
1|1
1|1
1|1
1|1
1|1
1|1
1|1
1|1
1|1
1|1
1|1
1|1
1|1
1|1
1|1
1|1
1|1
1|1
1|1
1|1
1|1
1|1
1|1
1|1
1|1
1|1
1|1
1|1
1|1
1|1
1|1
1|1
1|1
1|1
1|1
1|1
1|1
1|1
1|1
1|1
0|0
1|1
1|1
1|1
1|1
1|1
1|1
1|1
1|1
1|1
1|1
1|1
0|0
0|0
1|1
1|1
1|1
1|1
1|1
1|1
1|1
1|1
1|1
1|1
1|1
0|0
0|0
0|0
1|1
1|1
1|1
1|1
1|1
1|1
1|1
1|1
1|1
0|0
0|0
0|0
0|0
1|1
1|1
1|1
1|1
1|1
1|1
1|1
1|1
1|1
0|0
0|0
0|0
0|0
0|0
1|1
1|1
1|1
1|1
1|1
1|1
1|1
0|0
0|0
0|0
0|0
0|0
0|0
1|1
1|1
1|1
1|1
1|1
1|1
1|1
0|0
0|0
0|0
0|0
0|0
0|0
0|0
1|1
1|1
1|1
1|1
1|1
1|1
0|0
0|0
0|0
0|0
0|0
0|0
0|0
1|1
1|1
1|1
1|1
1|1
1|1
0|0
0|0
0|0
0|0
0|0
0|0
0|0
0|0
1|1
1|1
1|1
1|1
1|1
0|0
0|0
0|0
0|0
0|0
0|0
0|0
1|1
1|1
1|1
1|1
1|1
1|1
0|0
0|0
0|0
0|0
0|0
0|0
0|0
0|0
1|1
1|1
1|1
1|1
1|1
1|1
0|0
0|0
0|0
0|0
0|0
0|0
0|0
1|1
1|1
1|1
1|1
1|1
1|1
1|1
0|0
0|0
0|0
0|0
0|0
0|0
1|1
1|1
1|1
1|1
1|1
1|1
0|0
0|0
0|0
0|0
0|0
0|0
1|1
1|1
1|1
1|1
1|1
1|1
1|1
1|1
0|0
0|0
0|0
0|0
0|0
1|1
1|1
1|1
1|1
1|1
1|1
1|1
1|1
0|0
0|0
0|0
0|0
3|3
1|1
0|0
1|1
1|1
1|1
1|1
1|1
1|1
0|0
0|0
0|0
0|0
3|3
3|3
1|1
1|1
1|1
1|1
1|1
1|1
1|1
0|0
0|0
0|0
1|1
3|3
1|1
1|1
1|1
1|1
1|1
1|1
1|1
1|1
1|1
0|0
0|0
1|1
1|1
1|1
1|1
1|1
1|1
1|1
1|1
1|1
1|1
1|1
1|1
1|1
1|1
1|1
1|1
1|1
1|1
1|1
1|1
1|1
1|1
1|1
1|1
1|1
1|1
1|1
1|1
1|1
1|1
1|1
1|1
1|1
1|1
1|1
1|1
1|1
1|1
1|1
1|1
1|1
1|1
1|1
1|1
1|1
1|1
1|1
1|1
1|1
1|1
1|1
1|1
1|1
1|1
1|1
1|1
1|1
3
6|Jelly|Jelly|Walk_LD|517|552|0|1|1|0
6|Jelly|Jelly|Walk_LD|611|312|0|1|1|0
3|Kyoko|Kyoko|Idle_D|846|576|0|1|1|0