7
18|51
1|1
1|1
1|1
1|1
1|1
1|1
1|1
1|1
1|1
1|1
1|1
1|1
1|1
1|1
1|1
1|1
1|1
1|1
1|1
1|1
1|1
1|1
1|1
1|1
1|1
1|1
1|1
1|1
1|1
1|1
1|1
1|1
1|1
1|1
1|1
0|0
1|1
1|1
1|1
1|1
1|1
1|1
1|1
1|1
1|1
1|1
1|1
1|1
1|1
1|1
1|1
1|1
1|1
1|1
1|1
1|1
1|1
1|1
1|1
1|1
1|1
1|1
1|1
1|1
1|1
1|1
1|1
1|1
1|1
1|1
1|1
0|0
1|1
1|1
1|1
1|1
1|1
1|1
1|1
1|1
1|1
1|1
1|1
1|1
1|1
1|1
1|1
1|1
1|1
1|1
1|1
1|1
1|1
1|1
1|1
1|1
1|1
1|1
1|1
1|1
1|1
1|1
1|1
1|1
1|1
1|1
1|1
0|0
1|1
1|1
1|1
1|1
1|1
1|1
1|1
1|1
1|1
1|1
1|1
1|1
1|1
1|1
1|1
1|1
1|1
1|1
1|1
1|1
1|1
1|1
1|1
1|1
1|1
1|1
1|1
1|1
1|1
1|1
1|1
1|1
1|1
1|1
1|1
0|0
1|1
1|1
1|1
1|1
1|1
1|1
1|1
1|1
1|1
1|1
1|1
1|1
1|1
1|1
1|1
1|1
1|1
1|1
1|1
1|1
1|1
1|1
1|1
1|1
1|1
1|1
1|1
1|1
1|1
1|1
1|1
1|1
1|1
1|1
1|1
0|0
1|1
1|1
1|1
1|1
1|1
1|1
1|1
1|1
1|1
1|1
1|1
1|1
1|1
1|1
1|1
1|1
1|1
1|1
1|1
1|1
1|1
1|1
1|1
1|1
1|1
1|1
1|1
1|1
1|1
1|1
1|1
1|1
1|1
1|1
1|1
0|0
1|1
1|1
1|1
1|1
1|1
1|1
1|1
1|1
1|1
1|1
1|1
1|1
1|1
1|1
1|1
1|1
1|1
1|1
1|1
1|1
1|1
1|1
1|1
1|1
1|1
1|1
1|1
1|1
1|1
1|1
1|1
1|1
1|1
1|1
1|1
0|0
1|1
1|1
1|1
1|1
1|1
1|1
1|1
1|1
1|1
1|1
0|0
1|1
1|1
1|1
1|1
1|1
1|1
1|1
1|1
1|1
1|1
1|1
1|1
1|1
1|1
1|1
0|0
0|0
0|0
0|0
1|1
1|1
1|1
1|1
1|1
0|0
1|1
1|1
1|1
1|1
1|1
1|1
1|1
1|1
0|0
0|0
0|0
0|0
0|0
1|1
1|1
1|1
1|1
1|1
1|1
1|1
1|1
1|1
1|1
1|1
1|1
1|1
0|0
0|0
0|0
0|0
0|0
1|1
1|1
1|1
0|0
0|0
1|1
1|1
1|1
1|1
1|1
0|0
1|1
1|1
0|0
0|0
0|0
0|0
0|0
0|0
0|0
1|1
1|1
1|1
1|1
1|1
1|1
1|1
2|2
0|0
1|1
1|1
0|0
0|0
0|0
1|1
0|0
0|0
0|0
1|1
1|1
0|0
1|1
1|1
1|1
1|1
2|2
0|0
1|1
0|0
0|0
0|0
0|0
1|1
1|1
0|0
0|0
0|0
3|3
1|1
1|1
1|1
0|0
0|0
0|0
1|1
0|0
0|0
0|0
0|0
0|0
1|1
0|0
0|0
0|0
0|0
3|3
0|0
1|1
1|1
0|0
0|0
0|0
1|1
1|1
0|0
0|0
0|0
0|0
0|0
0|0
0|0
0|0
0|0
0|0
0|0
1|1
0|0
0|0
0|0
1|1
1|1
0|0
0|0
0|0
0|0
0|0
0|0
0|0
0|0
0|0
0|0
0|0
0|0
1|1
0|0
0|0
1|1
1|1
1|1
0|0
0|0
0|0
0|0
0|0
0|0
0|0
0|0
0|0
0|0
0|0
0|0
1|1
0|0
0|0
1|1
1|1
0|0
0|0
0|0
0|0
0|0
0|0
0|0
0|0
0|0
0|0
0|0
0|0
0|0
1|1
0|0
0|0
1|1
1|1
0|0
0|0
0|0
0|0
0|0
0|0
0|0
0|0
0|0
0|0
0|0
0|0
0|0
1|1
0|0
0|0
1|1
0|0
0|0
0|0
0|0
0|0
0|0
0|0
0|0
0|0
0|0
0|0
0|0
0|0
0|0
1|1
0|0
0|0
0|0
0|0
0|0
0|0
0|0
0|0
0|0
0|0
0|0
0|0
0|0
0|0
0|0
0|0
0|0
1|1
0|0
0|0
0|0
0|0
0|0
0|0
0|0
0|0
0|0
0|0
0|0
0|0
0|0
0|0
0|0
0|0
0|0
1|1
0|0
0|0
0|0
0|0
0|0
0|0
0|0
0|0
0|0
0|0
0|0
0|0
0|0
0|0
0|0
0|0
1|1
1|1
0|0
0|0
0|0
0|0
0|0
0|0
0|0
0|0
0|0
0|0
0|0
0|0
0|0
0|0
0|0
1|1
0|0
1|1
1|1
0|0
0|0
0|0
0|0
0|0
0|0
0|0
0|0
1|1
0|0
0|0
0|0
0|0
0|0
1|1
1|1
1|1
1|1
0|0
0|0
0|0
0|0
0|0
0|0
0|0
0|0
1|1
0|0
0|0
0|0
0|0
1|1
1|1
0|0
1|1
1|1
1|1
1|1
0|0
0|0
0|0
0|0
0|0
0|0
0|0
1|1
0|0
0|0
0|0
1|1
1|1
1|1
1|1
1|1
1|1
1|1
0|0
0|0
1|1
0|0
0|0
0|0
0|0
0|0
0|0
0|0
1|1
1|1
1|1
0|0
1|1
1|1
1|1
1|1
1|1
1|1
1|1
1|1
0|0
0|0
0|0
0|0
0|0
0|0
1|1
1|1
1|1
1|1
1|1
1|1
1|1
1|1
1|1
1|1
1|1
1|1
1|1
0|0
0|0
0|0
0|0
1|1
1|1
1|1
1|1
0|0
1|1
1|1
1|1
1|1
1|1
1|1
1|1
1|1
1|1
1|1
0|0
0|0
1|1
1|1
1|1
1|1
1|1
1|1
1|1
1|1
1|1
1|1
1|1
1|1
1|1
1|1
1|1
1|1
1|1
1|1
1|1
1|1
1|1
1|1
1|1
0|0
1|1
1|1
1|1
1|1
1|1
1|1
1|1
1|1
1|1
1|1
1|1
1|1
1|1
1|1
1|1
1|1
1|1
1|1
1|1
1|1
1|1
1|1
1|1
1|1
1|1
1|1
1|1
1|1
1|1
1|1
1|1
1|1
1|1
1|1
1|1
0|0
1|1
1|1
1|1
1|1
1|1
1|1
1|1
1|1
1|1
1|1
1|1
1|1
1|1
1|1
1|1
1|1
1|1
1|1
1|1
1|1
1|1
1|1
1|1
1|1
1|1
1|1
1|1
1|1
1|1
1|1
1|1
1|1
1|1
1|1
1|1
0|0
1|1
1|1
1|1
1|1
1|1
1|1
1|1
1|1
1|1
1|1
1|1
1|1
1|1
1|1
1|1
1|1
1|1
1|1
1|1
1|1
1|1
1|1
1|1
1|1
1|1
1|1
1|1
1|1
1|1
1|1
1|1
1|1
1|1
1|1
1|1
0|0
1|1
1|1
1|1
1|1
1|1
1|1
1|1
1|1
1|1
1|1
1|1
1|1
1|1
1|1
1|1
1|1
1|1
1|1
1|1
1|1
1|1
1|1
1|1
1|1
1|1
1|1
1|1
1|1
1|1
1|1
1|1
1|1
1|1
1|1
1|1
0|0
1|1
1|1
1|1
1|1
1|1
1|1
1|1
1|1
1|1
1|1
1|1
1|1
1|1
1|1
1|1
1|1
1|1
1|1
1|1
1|1
1|1
1|1
1|1
1|1
1|1
1|1
1|1
1|1
1|1
1|1
1|1
1|1
1|1
1|1
1|1
0|0
1|1
1|1
1|1
1|1
1|1
1|1
1|1
1|1
1|1
1|1
1|1
1|1
1|1
1|1
1|1
1|1
1|1
1|1
20
6|Jelly|Jelly|Walk_LD|846|384|0|1|1|0
6|Jelly|Jelly|Walk_LD|376|528|0|1|1|0
6|Jelly|Jelly|Walk_LD|376|768|0|1|1|0
6|Jelly|Jelly|Walk_LD|1316|768|0|1|1|0
6|Jelly|Jelly|Walk_LD|846|816|0|1|1|0
3|Kyoko|Kyoko|Idle_D|423|504|0|1|1|0
0|Tree26|Tree26||846|288|0|1|1|0
0|Tree5|Tree5||3.75614e+18|3.75611e+18|3.75608e+18|1|1|0
0|Tree19|Tree19||658|432|0|1|1|0
0|Tree24|Tree24||1081|504|0|1|1|0
6|Jelly|Jelly|Walk_LD|940|624|0|1|1|0
6|Jelly|Jelly|Walk_LD|1222|720|0|1|1|0
0|Tree25|Tree25||1269|312|0|1|1|0
0|Tree25|Tree25||1081|216|0|1|1|0
0|Tree25|Tree25||1128|240|0|1|1|0
5|NPC_Quest|NPC|Quest|987|552|0|1|1|0
5|NPC_Jelly|Jelly|Walk_LD|1034|576|0|1|1|0
5|NPC_Jelly|Jelly|Walk_LD|423|648|0|1|1|0
5|Linda|NPC|Linda|658|480|0|1|1|0
5|Benya|NPC|Benya|1410|480|0|1|1|0